86 56 18 40 
70 75 23 95 
31 93 60 52 
27 3 8 30 
48 99 42 39 
99 75 36 23 
92 18 84 37 
88 75 24 0 
66 48 4 33 
34 68 42 96 
52 80 28 13 
62 48 78 80 
88 73 2 88 
100 32 30 74 
80 35 65 48 
96 63 18 18 
76 13 71 28 
14 64 77 34 
99 82 91 63 
58 66 5 80 
7 64 46 58 
76 37 99 32 
72 39 91 36 
37 60 29 71 
43 77 25 61 
35 1 24 64 
34 5 25 39 
53 36 30 7 
29 37 22 60 
60 18 13 75 
95 82 22 30 
14 26 96 98 
25 27 26 11 
3 95 41 41 
62 87 13 24 
75 89 74 28 
37 90 2 45 
91 81 55 36 
31 3 96 13 
48 40 48 16 
22 8 56 51 
55 27 36 99 
56 58 56 74 
41 48 0 47 
32 84 25 33 
2 23 13 30 
46 38 36 100 
34 41 36 35 
3 92 68 92 
93 76 55 97 
23 69 1 9 
93 78 40 76 
72 45 50 35 
85 1 61 54 
19 84 73 45 
81 80 4 0 
22 47 76 93 
77 98 97 80 
100 4 78 68 
91 64 88 28 
80 87 31 59 
87 56 43 34 
94 43 60 95 
41 89 93 53 
64 14 64 23 
34 76 33 30 
90 84 54 90 
20 24 50 11 
76 28 89 13 
93 68 1 91 
36 41 96 95 
1 67 15 28 
17 46 89 33 
79 89 43 30 
1 100 10 51 
99 8 95 80 
17 83 81 62 
7 61 12 46 
6 11 24 78 
36 47 94 37 
79 100 68 51 
70 66 90 31 
82 52 68 0 
87 57 27 97 
45 95 47 32 
87 6 77 55 
35 20 8 54 
23 15 37 59 
73 44 18 63 
28 69 45 62 
67 84 71 83 
99 10 36 13 
82 13 44 5 
66 14 42 16 
73 78 97 2 
28 76 76 17 
51 7 100 30 
12 26 19 55 
96 9 50 94 
11 25 53 2 
68 9 55 100 
7 30 58 87 
72 18 7 98 
68 21 12 32 
75 85 15 5 
9 44 71 35 
25 65 2 39 
61 39 58 88 
88 48 81 15 
68 6 14 31 
55 40 90 69 
86 23 71 0 
51 27 44 10 
87 10 11 84 
46 54 59 64 
96 63 100 41 
49 1 83 80 
17 17 48 29 
89 36 27 70 
64 59 37 45 
12 20 31 79 
19 60 50 49 
59 12 99 48 
31 4 58 48 
25 61 93 22 
87 40 42 16 
10 56 91 81 
32 17 30 11 
3 46 58 85 
68 27 92 46 
39 78 95 81 
98 82 29 8 
9 21 21 43 
39 73 73 70 
47 30 59 4 
52 26 36 46 
4 43 47 25 
63 20 40 62 
0 70 25 65 
92 96 7 76 
100 42 98 47 
49 16 44 39 
53 98 23 58 
81 60 65 85 
87 42 88 11 
29 91 53 32 
98 76 41 1 
60 64 45 3 
37 11 100 21 
95 76 76 35 

