-23.723489999999998 -95.3812 
-54.5772 -64.64796 
-97.866281 -92.20182 
-78.33958 -81.07219 
-67.67037 -27.126335 
-73.6408 -12.04 
-79.75462 -48.18483 
-31.4063 -70.37405 
-85.73078 -87.5318 
-70.56721 -57.62375 
-21.258079 -24.75752 
-85.62233 -30.18307 
-76.45141 -72.52922 
-73.95329 -70.491974 
-52.80013 -88.87688 
-34.68706 -75.531089 
-19.383960000000002 -18.30327 
-78.126473 -50.16457 
-71.73286 -63.31575 
-58.27926 -4.93715 
-103.7176 -95.8971 
-87.5267 -84.40133 
-2.1471999999999998 -0.60744 
-12.66201 -10.68041 
-57.51686 -96.33727 
-75.15346 -40.71238 
-3.184812 -101.18725 
-50.40748 -78.70169 
-6.071 -99.73162 
-65.06288 -92.396255 
-16.0514 -11.404679999999999 
-26.50142 -104.61158 
-7.261822 -22.1724 
-67.33978 -92.95654 
-31.0853 -87.68247 
-70.8096 -67.52582 
-61.89524 -52.83541 
-48.82056 -70.25172 
-11.3525 -31.26437 
-74.83314 -83.20022 
-48.49112 -43.43224 
-59.31014 -60.52979 
-75.56499 -74.48814 
3.615970000000001 -90.38591 
-61.227850000000004 -4.10539 
-50.78689 -90.78198 
-95.05885 -33.47083 
-68.30994 -9.95851 
-6.90002 -28.50505 
-11.314947 -92.77839 
-18.7779 -96.91361 
-86.33544 -59.38687 
-54.55687 -75.618 
-6.22018 -34.12729 
-18.76344 -97.56509 
-82.08581 -28.74108 
-66.4726 -32.34881 
-55.38813 -31.90282 
-52.64394 -15.79694 
-30.74215 -78.52493 
-7.523899999999999 -88.50378 
-75.57279 -84.19503 
-74.30549 -19.93786 
-0.3249999999999993 -7.25913 
-52.560900000000004 -6.13607 
-64.3013 -40.83115 
-36.25591 -65.39788 
-59.24086 -48.91974 
2.21089 -94.70329 
-68.50426 -17.79798 
-96.533562 -97.61476 
-41.16842 -71.06621 
-54.57871 -66.61384 
-60.33708 -96.2321 
-21.00904 -98.41874 
-98.60801 -96.28406 
-77.49146 -17.371539 
-28.71356 -72.66541 
-78.52568 -78.62933 
-20.29214 -65.13769 
-23.31011 -7.3482199999999995 
-81.565311 -55.168639999999996 
-54.23786 -35.21044 
-74.16543 -54.28685 
-60.70214 -38.65974 
-19.48771 -74.10956 
-42.2114 -76.74324 
-26.16114 -60.980635 
-96.5318 -29.62167 
-37.37242 -38.08039 
-60.16624 -35.66188 
-74.333363 -42.04293 
-12.8033 -71.62085 
-37.04185 -4.32864 
-21.447850000000003 -42.97088 
-9.83686 -99.29781 
-18.50484 -64.85465 
-39.32363 -12.034600000000001 
-79.80389 -72.32524 
-31.021810000000002 -71.819641 
-4.311299999999999 -14.72417 
-18.66007 -67.42673 
5.8959 -98.43924 
-88.72218 -88.95673 
-88.81478 -46.59158 
-25.51514 -95.456373 
-60.02999 -12.33694 
-85.38027 -13.5731 
4.79176 -73.68294 
-3.47444 -66.28012 
-31.03089 -73.22226 
7.13622 -55.59154 
-69.04161 -69.39174 
-24.80036 -22.16993 
-63.72576 -89.578213 
-90.06599 -79.75796 
-80.2589 -88.59491 
8.5802 -19.12353 
-86.709 -72.66965 
-23.676569999999998 -38.72677 
-73.24171 -51.63253 
-30.8888 -29.676357 
-57.4112 -33.403722 
-62.3896 -76.65432 
-73.69156 -42.28409 
-75.90791 -36.08074 
-51.91782 -86.70433 
-11.35598 -19.86937 
-0.5365500000000001 -23.17743 
-6.28114 -20.97949 
-19.39855 -49.270830000000004 
-39.5797 -5.64842 
-0.92523 -96.54141 
-87.48607 -57.99441 
-33.05023 -17.9159 
-77.49665 -26.72655 
-73.74146999999999 -20.16143 
-38.60974 -57.77535 
-74.64671 -87.97612 
-0.003402000000000016 -37.19166 
-53.40413 -90.81369 
-11.449629999999999 -41.64698 
-49.39856 -87.46194 
-99.0315366 -61.21888 
-69.9464958 -72.29094 
-57.36768 -65.9056622 
-72.90015 -10.65878 
-60.615 -49.04501 
-71.95529 -54.65745 
6.31818 -2.54108 
